;IPZONE	OPZONE
136	3601
137	3602
139	3603
138	3604
139	3605
140	3606
421	3607
422	3608
423	3609
2876	3610
1783	3611
1782	3612
1784	3613
1785	3614
1786	3615
1787	3615
1788	3615
2880	3616
2880	3617
2881	3618
2874	3619
2875	3620
2876	3621
2876	3622
2877	3623
2876	3624
2876	3625
2876	3626
2878	3627
2879	3628
2878	3629
1	4
2	3
3	6
4	7
5	9
6	10
7	15
8	1
9	2
10	5
11	8
12	16
13	19
14	11
15	17
16	12
17	13
18	48
19	47
20	86
21	97
22	109
23	119
24	123
25	18
26	14
27	27
28	37
29	21
30	23
31	28
32	38
33	24
34	25
35	29
36	30
37	39
38	40
39	20
40	26
41	32
42	31
43	33
44	41
45	42
46	54
47	55
48	34
49	35
50	35
51	36
52	43
53	45
54	57
55	56
56	46
57	49
58	50
59	59
60	60
61	74
62	51
63	52
64	53
65	63
66	65
67	61
68	62
69	64
70	76
71	78
72	67
73	69
74	71
75	66
76	68
77	70
78	71
79	82
80	87
81	83
82	84
83	88
84	90
85	89
86	93
87	94
88	95
89	85
90	92
91	91
92	96
93	101
94	99
95	100
96	104
97	101
98	102
99	103
100	105
101	106
102	107
103	110
104	108
105	111
106	112
107	113
108	114
109	115
110	116
111	117
112	118
113	120
114	121
115	122
116	124
117	125
118	126
119	127
120	128
121	130
122	129
123	131
124	133
125	132
126	138
127	136
128	139
129	143
130	135
131	134
132	137
133	140
134	141
135	142
141	159
142	188
143	199
144	201
145	202
146	204
147	209
148	213
149	214
150	224
151	227
152	228
153	155
154	207
155	157
156	158
157	162
158	203
159	215
160	220
161	221
162	235
163	295
164	298
165	299
166	167
167	164
168	174
169	173
170	296
171	297
172	302
173	307
174	239
175	242
176	246
177	252
178	245
179	254
180	240
181	243
182	260
183	251
184	263
185	255
186	269
187	261
188	262
189	272
190	273
191	271
192	274
193	234
194	231
195	257
196	288
197	289
198	282
199	293
200	292
201	278
202	279
203	281
204	283
205	284
206	285
207	313
208	314
209	316
210	317
211	236
212	300
213	309
214	312
215	319
216	326
217	321
218	333
219	328
220	324
221	329
222	320
223	318
224	330
225	325
226	335
227	336
228	337
229	331
230	332
231	338
232	183
233	181
234	182
235	184
236	191
237	185
238	449
239	192
240	189
241	193
242	452
243	186
244	448
245	450
246	453
247	454
248	457
249	459
250	195
251	196
252	197
253	198
254	456
255	458
256	460
257	461
258	462
259	463
260	383
261	405
262	386
263	408
264	422
265	475
266	476
267	477
268	480
269	486
270	492
271	494
272	469
273	470
274	485
275	496
276	472
277	467
278	473
279	497
280	499
281	498
282	502
283	501
284	504
285	505
286	506
287	514
288	515
289	520
290	521
291	509
292	516
293	510
294	511
295	512
296	517
297	518
298	522
299	523
300	524
301	525
302	526
303	311
304	451
305	455
306	340
307	342
308	342
309	344
310	345
311	346
312	347
313	365
314	366
315	387
316	367
317	388
318	353
319	356
320	368
321	370
322	372
323	374
324	376
325	369
326	371
327	373
328	375
329	390
330	392
331	394
332	396
333	389
334	391
335	393
336	395
337	360
338	378
339	377
340	398
341	361
342	380
343	379
344	400
345	348
346	348
347	363
348	381
349	382
350	409
351	411
352	413
353	414
354	397
355	399
356	416
357	418
358	417
359	402
360	404
361	401
362	403
363	423
364	532
365	426
366	429
367	424
368	425
369	427
370	415
371	431
372	431
373	432
374	419
375	421
376	433
377	554
378	556
379	556
380	557
381	436
382	439
383	437
384	441
385	438
386	530
387	529
388	535
389	533
390	558
391	558
392	542
393	543
394	560
395	562
396	561
397	440
398	442
399	541
400	534
401	539
402	540
403	538
404	546
405	545
406	546
407	547
408	548
409	551
410	549
411	565
412	568
413	572
414	575
415	564
416	569
417	444
418	570
419	571
420	573
424	582
425	898
426	598
427	670
428	585
429	608
430	589
431	591
432	613
433	604
434	609
435	614
436	618
437	605
438	606
439	610
440	611
441	616
442	615
443	619
444	620
445	612
446	650
447	607
448	622
449	624
450	621
451	617
452	625
453	627
454	644
455	645
456	649
457	594
458	595
459	667
460	668
461	600
462	674
463	596
464	643
465	648
466	669
467	675
468	657
469	646
470	653
471	654
472	664
473	660
474	623
475	628
476	647
477	631
478	629
479	655
480	633
481	636
482	637
483	691
484	690
485	639
486	640
487	638
488	692
489	641
490	677
491	684
492	679
493	680
494	682
495	686
496	681
497	666
498	665
499	708
500	716
501	717
502	687
503	727
504	702
505	703
506	689
507	731
508	728
509	734
510	743
511	735
512	729
513	720
514	736
515	742
516	754
517	750
518	751
519	755
520	756
521	759
522	762
523	763
524	662
525	693
526	661
527	704
528	701
529	695
530	705
531	706
532	697
533	698
534	707
535	713
536	699
537	715
538	721
539	722
540	738
541	723
542	724
543	739
544	730
545	747
546	744
547	748
548	757
549	758
550	768
551	761
552	769
553	767
554	760
555	764
556	771
557	776
558	772
559	773
560	777
561	779
562	781
563	778
564	775
565	780
566	784
567	785
568	786
569	783
570	782
571	787
572	788
573	789
574	790
575	791
576	791
577	794
578	793
579	795
580	796
581	797
582	798
583	799
584	800
585	806
586	801
587	813
588	814
589	802
590	803
591	804
592	807
593	808
594	809
595	810
596	811
597	812
598	805
599	816
600	817
601	818
602	819
603	820
604	822
605	825
606	826
607	827
608	824
609	830
610	831
611	832
612	828
613	829
614	833
615	834
616	829
617	859
618	866
619	862
620	867
621	868
622	863
623	864
624	870
625	871
626	872
627	836
628	838
629	840
630	841
631	842
632	844
633	847
634	855
635	850
636	848
637	852
638	843
639	853
640	875
641	876
642	889
643	877
644	882
645	890
646	893
647	883
648	854
649	884
650	857
651	886
652	894
653	895
654	858
655	906
656	942
657	943
658	955
659	943
660	943
661	906
662	950
663	958
664	955
665	975
666	957
667	976
668	977
669	978
670	908
671	907
672	907
673	907
674	907
675	1008
676	1009
677	1053
678	1054
679	1103
680	1170
681	1207
682	1208
683	1209
684	1302
685	1321
686	909
687	911
688	913
689	915
690	914
691	914
692	914
693	916
694	917
695	1303
696	1306
697	1310
698	1314
699	1304
700	1305
701	1309
702	1307
703	1308
704	1311
705	1312
706	1322
707	1339
708	1333
709	1338
710	1340
711	1354
712	1355
713	916
714	1401
715	1313
716	1402
717	1315
718	1316
719	1316
720	1318
721	1320
722	1319
723	1372
724	1389
725	1389
726	1373
727	1405
728	1403
729	1403
730	1404
731	1403
732	1415
733	1424
734	1425
735	1427
736	940
737	939
738	941
739	944
740	945
741	947
742	965
743	1013
744	1014
745	959
746	979
747	1015
748	951
749	952
750	966
751	953
752	961
753	962
754	967
755	982
756	980
757	984
758	1016
759	985
760	981
761	987
762	986
763	986
764	988
765	1017
766	1019
767	1019
768	1022
769	1021
770	1055
771	1011
772	1012
773	1171
774	1104
775	1172
776	1105
777	1056
778	1057
779	1058
780	1173
781	1107
782	1175
783	1177
784	1062
785	1108
786	1109
787	1064
788	1112
789	1178
790	1180
791	1182
792	1183
793	1187
794	1210
795	1211
796	1212
797	1213
798	1214
799	1215
800	1247
801	1218
802	1217
803	1248
804	1220
805	1225
806	1250
807	1252
808	1323
809	1334
810	1341
811	1356
812	1324
813	1325
814	1336
815	1337
816	1326
817	1342
818	1359
819	1344
820	1345
821	1327
822	1328
823	1329
824	1346
825	1347
826	1348
827	1349
828	1365
829	1366
830	1367
831	1368
832	1330
833	1350
834	1352
835	1351
836	1369
837	1370
838	1331
839	1353
840	1353
841	1371
842	1439
843	1440
844	1441
845	1469
846	1470
847	1357
848	1358
849	1375
850	1376
851	1377
852	1363
853	1364
854	1378
855	1379
856	1380
857	1390
858	1391
859	1392
860	1381
861	1382
862	1393
863	1394
864	1383
865	1396
866	1384
867	1395
868	1397
869	1385
870	1386
871	1398
872	1399
873	1400
874	1388
875	1479
876	1480
877	1532
878	1406
879	1407
880	1408
881	1417
882	1416
883	1409
884	1418
885	1410
886	1419
887	1420
888	1412
889	1413
890	1422
891	1414
892	1423
893	1573
894	1574
895	1575
896	1579
897	1580
898	1581
899	1578
900	1590
901	1582
902	1615
903	1617
904	1626
905	1632
906	1428
907	1426
908	1557
909	1564
910	1558
911	1559
912	1560
913	1583
914	1584
915	1595
916	1585
917	1596
918	1597
919	1586
920	1587
921	1588
922	1589
923	1603
924	1604
925	1598
926	1591
927	1605
928	1638
929	1631
930	1639
931	1648
932	1640
933	1433
934	1563
935	1570
936	1567
937	1571
938	1606
939	1600
940	1601
941	1602
942	1607
943	1614
944	1025
945	1024
946	1026
947	1023
948	1065
949	1027
950	1029
951	1031
952	1028
953	1030
954	1032
955	1067
956	1070
957	1073
958	1066
959	1069
960	1072
961	1075
962	1068
963	1071
964	1074
965	1033
966	1035
967	1039
968	1034
969	1036
970	1037
971	1078
972	1081
973	1084
974	1077
975	1080
976	1083
977	1076
978	1079
979	1082
980	1135
981	1139
982	1143
983	1040
984	1041
985	1087
986	1090
987	1086
988	1089
989	1085
990	1088
991	1114
992	1115
993	1119
994	1123
995	1127
996	1131
997	1118
998	1122
999	1126
1000	1130
1001	1134
1002	1138
1003	1117
1004	1121
1005	1125
1006	1129
1007	1133
1008	1137
1009	1116
1010	1120
1011	1124
1012	1128
1013	1132
1014	1136
1015	1147
1016	1151
1017	1142
1018	1146
1019	1150
1020	1141
1021	1145
1022	1149
1023	1140
1024	1144
1025	1148
1026	949
1027	963
1028	972
1029	946
1030	2202
1031	964
1032	974
1033	2202
1034	990
1035	992
1036	991
1037	993
1038	994
1039	971
1040	996
1041	997
1042	999
1043	995
1044	998
1045	1000
1046	1002
1047	974
1048	1000
1049	1002
1050	1004
1051	973
1052	1001
1053	1043
1054	1003
1055	1005
1056	1006
1057	1045
1058	1047
1059	1049
1060	1042
1061	1044
1062	1093
1063	1096
1064	1092
1065	1095
1066	1091
1067	1094
1068	1099
1069	1098
1070	1097
1071	1048
1072	1050
1073	1100
1074	1101
1075	1051
1076	1007
1077	1169
1078	1155
1079	1158
1080	1154
1081	1157
1082	1153
1083	1152
1084	1156
1085	1161
1086	1160
1087	1159
1088	1162
1089	1163
1090	1164
1091	1165
1092	1166
1093	1167
1094	1168
1095	1186
1096	1190
1097	1188
1098	1189
1099	1191
1100	1192
1101	1192
1102	1193
1103	1194
1104	1195
1105	1196
1106	1197
1107	1198
1108	1199
1109	1237
1110	1200
1111	1202
1112	1239
1113	1201
1114	1203
1115	1204
1116	1205
1117	1206
1118	1245
1119	1245
1120	1270
1121	1226
1122	1227
1123	1228
1124	1229
1125	1230
1126	1231
1127	1232
1128	1233
1129	1234
1130	1235
1131	1236
1132	1238
1133	1240
1134	1241
1135	1242
1136	1243
1137	1253
1138	1254
1139	1442
1140	1443
1141	1255
1142	1256
1143	1257
1144	1445
1145	1258
1146	1259
1147	1260
1148	1261
1149	1262
1150	1263
1151	1274
1152	1276
1153	1264
1154	1265
1155	1266
1156	1267
1157	1268
1158	1269
1159	1280
1160	1293
1161	1281
1162	1281
1163	1449
1164	1451
1165	1453
1166	1451
1167	1453
1168	1455
1169	1446
1170	1447
1171	1458
1172	1460
1173	1271
1174	1283
1175	1272
1176	1273
1177	1275
1178	1285
1179	1287
1180	1288
1181	1277
1182	1278
1183	1292
1184	1448
1185	1450
1186	1452
1187	1454
1188	1456
1189	1462
1190	1463
1191	1464
1192	1466
1193	1457
1194	1459
1195	1467
1196	1468
1197	1282
1198	1294
1199	1471
1200	1472
1201	1473
1202	1475
1203	1481
1204	1482
1205	1484
1206	1491
1207	1492
1208	1494
1209	1533
1210	1534
1211	1534
1212	1476
1213	1477
1214	1478
1215	1478
1216	1495
1217	1486
1218	1487
1219	1536
1220	1538
1221	1536
1222	1537
1223	1539
1224	1625
1225	1616
1226	1619
1227	1619
1228	1618
1229	1620
1230	1627
1231	1628
1232	1627
1233	1633
1234	1634
1235	1623
1236	1622
1237	1624
1238	1629
1239	1630
1240	1637
1241	1646
1242	1647
1243	1641
1244	1643
1245	1657
1246	1659
1247	1635
1248	1644
1249	1644
1250	1645
1251	1649
1252	1650
1253	1651
1254	1660
1255	1662
1256	1661
1257	1663
1258	1652
1259	1664
1260	1653
1261	1665
1262	1670
1263	1284
1264	1286
1265	1289
1266	1290
1267	1291
1268	1300
1269	1498
1270	1295
1271	1296
1272	1297
1273	1505
1274	1301
1275	1507
1276	1298
1277	1299
1278	1499
1279	1500
1280	1508
1281	1509
1282	1510
1283	1511
1284	1501
1285	1512
1286	1502
1287	1504
1288	1531
1289	1554
1290	1513
1291	1514
1292	1515
1293	1525
1294	1517
1295	1527
1296	1519
1297	1528
1298	1520
1299	1521
1300	1529
1301	1530
1302	1541
1303	1543
1304	1550
1305	1548
1306	1549
1307	1546
1308	1553
1309	1551
1310	1671
1311	1674
1312	1672
1313	1673
1314	1676
1315	1678
1316	1679
1317	1675
1318	1677
1319	1682
1320	1684
1321	1686
1322	1690
1323	1685
1324	1680
1325	1681
1326	1692
1327	1687
1328	1556
1329	1683
1330	1689
1331	1688
1332	1696
1333	1691
1334	1694
1335	1697
1336	1693
1337	1699
1338	1695
1339	918
1340	919
1341	920
1342	1401
1343	1401
1344	921
1345	1429
1346	921
1347	1434
1348	1431
1349	1432
1350	1435
1351	923
1352	1728
1353	923
1354	1714
1355	1728
1356	1729
1357	1746
1358	1747
1359	925
1360	1728
1361	1766
1362	1755
1363	1768
1364	1756
1365	924
1366	926
1367	928
1368	1783
1369	927
1370	927
1371	927
1372	929
1373	1767
1374	1769
1375	1964
1376	1991
1377	1993
1378	1974
1379	1992
1380	1993
1381	1992
1382	2004
1383	1974
1384	1994
1385	2006
1386	2007
1387	2008
1388	928
1389	929
1390	929
1391	931
1392	929
1393	931
1394	931
1395	2022
1396	2023
1397	2024
1398	2029
1399	924
1400	924
1401	934
1402	932
1403	2036
1404	2044
1405	2048
1406	2030
1407	2031
1408	2032
1409	2037
1410	2038
1411	2033
1412	2042
1413	2090
1414	2050
1415	2051
1416	2057
1417	938
1418	2048
1419	937
1420	1438
1421	1437
1422	1701
1423	1705
1424	1730
1425	1730
1426	1718
1427	1719
1428	1720
1429	1702
1430	1706
1431	1707
1432	1721
1433	1609
1434	1709
1435	1611
1436	1722
1437	1723
1438	1724
1439	1711
1440	1725
1441	1613
1442	1654
1443	1713
1444	1726
1445	1727
1446	1655
1447	1666
1448	1667
1449	1789
1450	1790
1451	1797
1452	1809
1453	1786
1454	1800
1455	1748
1456	1735
1457	1749
1458	1750
1459	1737
1460	1738
1461	1738
1462	1774
1463	1740
1464	1741
1465	1760
1466	1760
1467	1761
1468	1742
1469	1743
1470	1752
1471	1753
1472	1762
1473	1763
1474	1744
1475	1754
1476	1745
1477	1764
1478	1765
1479	1815
1480	1861
1481	1770
1482	1782
1483	1771
1484	1944
1485	1785
1486	1772
1487	1773
1488	1775
1489	1945
1490	1946
1491	1954
1492	1955
1493	1776
1494	1776
1495	1777
1496	1947
1497	1948
1498	1956
1499	1957
1500	1778
1501	1779
1502	1949
1503	1950
1504	1951
1505	1958
1506	1959
1507	1960
1508	1780
1509	1781
1510	1952
1511	1961
1512	1962
1513	1870
1514	1885
1515	1871
1516	1886
1517	1966
1518	1967
1519	1966
1520	1967
1521	1995
1522	1995
1523	2009
1524	2009
1525	1975
1526	1976
1527	1975
1528	1975
1529	1976
1530	1996
1531	1996
1532	1968
1533	1977
1534	1977
1535	1997
1536	1970
1537	1980
1538	1998
1539	2021
1540	2010
1541	2011
1542	2012
1543	2013
1544	1981
1545	2000
1546	1982
1547	2014
1548	2015
1549	2016
1550	1983
1551	1984
1552	2001
1553	1985
1554	1986
1555	2018
1556	2070
1557	1987
1558	2002
1559	2020
1560	1963
1561	1972
1562	1973
1563	2003
1564	1989
1565	2028
1566	2063
1567	2064
1568	2065
1569	2066
1570	2067
1571	2069
1572	2070
1573	2071
1574	2101
1575	2102
1576	2103
1577	2111
1578	2104
1579	2073
1580	2073
1581	2082
1582	2074
1583	2084
1584	2076
1585	2094
1586	2077
1587	2086
1588	2095
1589	2078
1590	2079
1591	2088
1592	2097
1593	2080
1594	2081
1595	2098
1596	2099
1597	2117
1598	2118
1599	2133
1600	2127
1601	2139
1602	2140
1603	2169
1604	2149
1605	2092
1606	2053
1607	2058
1608	2056
1609	2093
1610	2162
1611	2163
1612	2171
1613	2164
1614	2165
1615	2166
1616	2167
1617	2172
1618	2173
1619	2180
1620	2174
1621	2175
1622	2181
1623	2176
1624	2178
1625	2182
1626	2060
1627	2059
1628	2060
1629	2061
1630	2186
1631	2185
1632	1668
1633	1669
1634	1791
1635	1792
1636	1801
1637	1802
1638	1787
1639	1788
1640	1803
1641	1804
1642	1814
1643	1814
1644	1794
1645	1796
1646	1805
1647	1795
1648	1806
1649	1829
1650	1822
1651	1823
1652	1831
1653	1833
1654	1839
1655	1824
1656	1825
1657	1826
1658	1827
1659	1828
1660	1834
1661	1835
1662	1840
1663	1844
1664	1836
1665	1845
1666	1841
1667	1842
1668	1848
1669	1811
1670	1812
1671	1816
1672	1817
1673	1862
1674	1863
1675	1813
1676	1818
1677	1855
1678	1856
1679	1852
1680	1853
1681	1852
1682	1853
1683	1837
1684	1854
1685	1858
1686	1857
1687	1843
1688	1860
1689	1847
1690	1874
1691	1876
1692	1865
1693	1877
1694	1866
1695	1867
1696	1880
1697	1868
1698	1869
1699	1881
1700	1882
1701	1883
1702	1884
1703	1872
1704	1887
1705	1897
1706	1873
1707	1875
1708	1878
1709	1888
1710	1889
1711	1890
1712	1898
1713	1899
1714	1879
1715	1891
1716	1901
1717	1901
1718	1893
1719	1894
1720	1895
1721	1905
1722	1903
1723	1904
1724	1915
1725	1906
1726	2216
1727	1908
1728	1918
1729	1928
1730	1909
1731	1910
1732	1911
1733	1920
1734	1921
1735	1929
1736	1930
1737	1922
1738	1923
1739	1931
1740	1932
1741	1924
1742	1933
1743	1934
1744	1927
1745	1916
1746	1935
1747	2105
1748	2106
1749	2107
1750	2108
1751	2109
1752	2110
1753	1938
1754	2113
1755	1939
1756	1940
1757	2114
1758	1942
1759	2116
1760	2120
1761	2121
1762	2129
1763	2135
1764	2123
1765	2125
1766	2126
1767	2132
1768	2124
1769	2137
1770	2136
1771	2142
1772	2145
1773	2153
1774	2147
1775	2146
1776	2152
1777	2148
1778	2152
1779	2154
1780	2158
1781	2159
1789	2217
1790	2293
1791	2292
1792	2301
1793	2336
1794	2328
1795	2338
1796	2330
1797	2329
1798	2300
1799	2295
1800	2298
1801	2310
1802	2306
1803	2221
1804	2220
1805	2223
1806	2219
1807	2277
1808	2224
1809	2230
1810	2231
1811	2283
1812	2284
1813	2286
1814	2276
1815	2275
1816	2272
1817	2273
1818	2271
1819	2340
1820	2332
1821	2331
1822	2342
1823	2334
1824	2333
1825	2314
1826	2313
1827	2312
1828	2320
1829	2317
1830	2316
1831	2323
1832	2322
1833	2325
1834	2345
1835	2326
1836	2348
1837	2239
1838	2233
1839	2232
1840	2245
1841	2242
1842	2241
1843	2351
1844	2378
1845	2379
1846	2378
1847	2383
1848	2382
1849	2385
1850	2384
1851	2256
1852	2253
1853	2248
1854	2246
1855	2257
1856	2254
1857	2406
1858	2405
1859	2254
1860	2261
1861	2408
1862	2413
1863	2266
1864	2264
1865	2362
1866	2361
1867	2353
1868	2354
1869	2363
1870	2364
1871	2369
1872	2370
1873	2371
1874	2366
1875	2365
1876	2373
1877	2372
1878	2367
1879	2374
1880	2368
1881	2375
1882	2355
1883	2358
1884	2357
1885	2360
1886	2359
1887	2352
1888	2397
1889	2387
1890	2386
1891	2390
1892	2391
1893	2399
1894	2393
1895	2392
1896	2402
1897	2394
1898	2377
1899	2376
1900	2431
1901	2433
1902	2430
1903	2418
1904	2423
1905	2426
1906	2419
1907	2403
1908	2421
1909	2420
1910	2410
1911	2409
1912	2417
1913	2439
1914	2438
1915	2440
1916	3524
1917	2442
1918	2448
1919	2446
1920	3524
1921	2451
1922	2450
1923	2445
1924	2454
1925	2453
1926	2452
1927	2443
1928	2459
1929	2461
1930	2460
1931	2455
1932	2462
1933	2464
1934	2463
1935	2456
1936	2457
1937	2465
1938	2466
1939	2467
1940	2469
1941	2468
1942	2458
1943	2473
1944	2472
1945	2475
1946	2474
1947	2476
1948	2435
1949	2432
1950	2477
1951	2437
1952	2436
1953	2434
1954	2479
1955	2478
1956	2479
1957	2478
1958	2481
1959	2484
1960	2486
1961	2485
1962	2470
1963	2500
1964	2501
1965	2502
1966	2504
1967	2503
1968	2505
1969	2496
1970	2495
1971	2498
1972	2497
1973	2499
1974	2490
1975	2489
1976	2425
1977	2424
1978	2493
1979	2492
1980	2494
1981	2491
1982	2427
1983	2511
1984	2513
1985	2510
1986	2512
1987	2514
1988	2515
1989	2429
1990	2428
1991	2518
1992	2516
1993	2521
1994	2522
1995	2525
1996	2524
1997	2526
1998	2519
1999	2527
2000	2586
2001	2520
2002	2523
2003	2551
2004	2553
2005	2552
2006	2556
2007	2554
2008	2589
2009	2592
2010	2593
2011	2596
2012	2598
2013	2507
2014	2528
2015	2529
2016	2534
2017	2533
2018	2532
2019	2531
2020	2530
2021	2509
2022	2508
2023	2539
2024	2538
2025	2542
2026	2541
2027	2536
2028	2535
2029	2545
2030	2544
2031	2540
2032	2543
2033	2549
2034	2548
2035	2550
2036	2547
2037	2546
2038	2570
2039	2569
2040	2568
2041	2572
2042	2571
2043	2559
2044	2558
2045	2557
2046	2562
2047	2561
2048	2560
2049	2537
2050	2573
2051	2565
2052	2564
2053	2563
2054	2574
2055	2567
2056	2566
2057	2577
2058	2576
2059	2580
2060	2579
2061	2578
2062	2584
2063	2583
2064	2585
2065	2582
2066	2581
2067	2615
2068	2616
2069	2617
2070	2621
2071	2620
2072	2619
2073	2618
2074	2626
2075	2625
2076	2624
2077	2623
2078	2622
2079	2648
2080	2647
2081	2646
2082	2645
2083	2650
2084	2649
2085	2610
2086	2612
2087	2609
2088	2614
2089	2613
2090	2608
2091	2601
2092	2600
2093	2599
2094	2594
2095	2604
2096	2603
2097	2602
2098	2607
2099	2606
2100	2605
2101	2597
2102	2628
2103	2627
2104	2629
2105	2630
2106	2635
2107	2634
2108	2639
2109	2638
2110	2637
2111	2636
2112	2632
2113	2631
2114	2644
2115	2641
2116	2640
2117	2643
2118	2642
2119	2651
2120	2664
2121	2662
2122	2663
2123	2665
2124	2660
2125	2661
2126	2666
2127	2667
2128	2659
2129	2657
2130	2658
2131	2654
2132	2655
2133	2656
2134	2652
2135	2653
2136	2668
2137	2669
2138	2670
2139	2675
2140	2676
2141	2677
2142	2678
2143	2681
2144	2671
2145	2672
2146	2674
2147	2679
2148	2673
2149	2694
2150	2695
2151	2690
2152	2691
2153	2692
2154	2693
2155	2682
2156	2688
2157	2686
2158	2687
2159	2689
2160	2680
2161	2683
2162	2684
2163	2685
2164	2698
2165	2699
2166	2745
2167	2704
2168	2712
2169	2713
2170	2696
2171	2575
2172	2702
2173	2703
2174	2710
2175	2711
2176	2719
2177	2708
2178	2709
2179	2718
2180	2700
2181	2705
2182	2707
2183	2706
2184	2716
2185	2717
2186	2714
2187	2755
2188	2756
2189	2729
2190	2728
2191	2724
2192	2725
2193	2726
2194	2721
2195	2723
2196	2734
2197	2735
2198	2736
2199	2722
2200	2732
2201	2733
2202	2730
2203	2731
2204	2697
2205	2743
2206	2744
2207	2740
2208	2741
2209	2742
2210	2754
2211	2737
2212	2738
2213	2739
2214	2752
2215	2753
2216	2749
2217	2750
2218	2751
2219	2768
2220	2769
2221	2746
2222	2747
2223	2748
2224	2786
2225	2787
2226	2788
2227	2782
2228	2783
2229	2784
2230	2785
2231	2765
2232	2766
2233	2767
2234	2764
2235	2758
2236	2761
2237	2762
2238	2763
2239	2759
2240	2760
2241	2757
2242	2775
2243	2781
2244	2770
2245	2771
2246	2773
2247	2780
2248	2778
2249	2779
2250	2776
2251	2797
2252	2789
2253	2794
2254	2790
2255	2791
2256	2795
2257	2796
2258	2814
2259	2792
2260	2793
2261	2811
2262	2807
2263	2808
2264	2809
2265	2810
2266	2835
2267	2803
2268	2804
2269	2805
2270	2806
2271	2831
2272	2799
2273	2800
2274	2801
2275	2802
2276	2860
2277	2880
2278	2880
2279	2855
2280	2882
2281	2877
2282	2878
2283	2875
2284	2876
2285	2818
2286	2819
2287	2815
2288	2816
2289	2817
2290	2812
2291	2813
2292	2836
2293	2837
2294	2838
2295	2832
2296	2833
2297	2834
2298	2827
2299	2828
2300	2829
2301	2830
2302	2824
2303	2825
2304	2826
2305	2820
2306	2821
2307	2822
2308	2823
2309	2843
2310	2844
2311	2845
2312	2846
2313	2847
2314	2839
2315	2840
2316	2841
2317	2842
2318	2861
2319	2862
2320	2863
2321	2864
2322	2856
2323	2857
2324	2858
2325	2859
2326	2848
2327	2852
2328	2853
2329	2854
2330	2850
2331	2851
2332	2872
2333	2873
2334	2874
2335	2869
2336	2870
2337	2871
2338	2866
2339	2865
2340	2868
2341	2890
2342	2891
2343	2892
2344	2893
2345	2884
2346	2885
2347	2889
2348	2886
2349	2887
2350	2894
2351	2888
2352	2897
2353	2898
2354	2895
2355	2896
2356	2910
2357	2911
2358	2903
2359	2901
2360	2902
2361	2908
2362	2909
2363	2899
2364	2900
2365	2906
2366	2907
2367	2904
2368	2905
2369	2935
2370	2936
2371	2932
2372	2933
2373	2934
2374	2928
2375	2929
2376	2930
2377	2931
2378	2940
2379	2941
2380	2944
2381	2945
2382	2938
2383	2937
2384	2939
2385	2942
2386	2943
2387	2990
2388	2992
2389	2993
2390	2994
2391	2995
2392	2986
2393	2988
2394	2989
2395	2984
2396	2980
2397	2981
2398	2982
2399	2983
2400	2985
2401	2926
2402	2927
2403	2923
2404	2924
2405	2925
2406	2977
2407	2978
2408	2979
2409	2920
2410	2973
2411	2974
2412	2975
2413	2976
2414	2964
2415	2969
2416	2970
2417	2971
2418	2972
2419	2966
2420	2967
2421	2968
2422	2918
2423	2919
2424	2912
2425	2915
2426	2915
2427	2916
2428	2913
2429	2914
2430	2953
2431	2954
2432	2963
2433	2949
2434	2951
2435	2952
2436	2961
2437	2962
2438	2946
2439	2947
2440	2948
2441	2955
2442	2959
2443	2960
2444	2956
2445	2957
2446	2958
2447	3002
2448	3006
2449	3007
2450	3008
2451	3003
2452	3004
2453	3005
2454	2999
2455	3000
2456	3001
2457	2996
2458	2998
2459	2997
2460	3014
2461	3015
2462	3016
2463	3030
2464	3011
2465	3013
2466	3027
2467	3028
2468	3029
2469	3009
2470	3010
2471	3021
2472	3022
2473	3023
2474	3024
2475	3025
2476	3026
2477	3034
2478	3019
2479	3017
2480	3018
2481	3032
2482	3033
2483	3031
2484	3038
2485	3037
2486	3057
2487	3035
2488	3036
2489	3056
2490	3062
2491	3063
2492	3054
2493	3060
2494	3061
2495	3052
2496	3058
2497	3059
2498	3044
2499	3042
2500	3043
2501	3041
2502	3040
2503	3039
2504	3068
2505	3069
2506	3073
2507	3074
2508	3066
2509	3067
2510	3070
2511	3071
2512	3072
2513	3079
2514	3080
2515	3082
2516	3077
2517	3078
2518	3083
2519	3084
2520	3090
2521	3142
2522	3085
2523	3086
2524	3089
2525	3064
2526	3065
2527	3095
2528	3096
2529	3097
2530	3098
2531	3093
2532	3094
2533	3101
2534	3100
2535	3099
2536	3092
2537	3102
2538	3104
2539	3111
2540	3091
2541	3106
2542	3107
2543	3108
2544	3109
2545	3112
2546	3117
2547	3116
2548	3118
2549	3119
2550	3113
2551	3127
2552	3126
2553	3122
2554	3124
2555	3123
2556	3143
2557	3087
2558	3088
2559	3144
2560	3145
2561	3146
2562	3147
2563	3179
2564	3178
2565	3180
2566	3177
2567	3183
2568	3182
2569	3184
2570	3185
2571	3186
2572	3187
2573	3222
2574	3224
2575	3221
2576	3188
2577	3191
2578	3190
2579	3189
2580	3195
2581	3192
2582	3196
2583	3193
2584	3197
2585	3194
2586	3219
2587	3172
2588	3213
2589	3214
2590	3215
2591	3218
2592	3151
2593	3152
2594	3150
2595	3153
2596	3149
2597	3148
2598	3168
2599	3169
2600	3176
2601	3171
2602	3170
2603	3175
2604	3173
2605	3174
2606	3198
2607	3155
2608	3154
2609	3163
2610	3164
2611	3167
2612	3161
2613	3162
2614	3165
2615	3166
2616	3203
2617	3211
2618	3205
2619	3204
2620	3209
2621	3210
2622	3206
2623	3207
2624	3208
2625	3212
2626	3055
2627	3049
2628	3053
2629	3225
2630	3045
2631	3046
2632	3047
2633	3051
2634	3130
2635	3075
2636	3076
2637	3134
2638	3132
2639	3132
2640	3135
2641	3136
2642	3139
2643	3140
2644	3141
2645	3226
2646	3227
2647	3128
2648	3129
2649	3228
2650	3229
2651	3131
2652	3230
2653	3231
2654	3232
2655	3236
2656	3233
2657	3237
2658	3235
2659	3138
2660	3238
2661	3158
2662	3156
2663	3160
2664	3247
2665	3251
2666	3255
2667	3240
2668	3248
2669	3262
2670	3265
2671	3249
2672	3291
2673	3279
2674	3281
2675	3290
2676	3289
2677	3288
2678	3285
2679	3271
2680	3268
2681	3269
2682	3202
2683	3274
2684	3199
2685	3201
2686	3200
2687	3308
2688	3332
2689	3331
2690	3333
2691	3336
2692	3292
2693	3296
2694	3305
2695	3307
2696	3311
2697	3310
2698	3294
2699	3301
2700	3314
2701	3335
2702	3318
2703	3319
2704	3316
2705	3315
2706	3337
2707	3320
2708	3338
2709	3323
2710	3322
2711	3321
2712	3340
2713	3339
2714	3341
2715	3324
2716	3342
2717	3325
2718	3343
2719	3432
2720	3430
2721	3431
2722	3433
2723	3382
2724	3383
2725	3384
2726	3385
2727	3380
2728	3390
2729	3386
2730	3387
2731	3389
2732	3388
2733	3327
2734	3393
2735	3394
2736	3396
2737	3395
2738	3408
2739	3407
2740	3409
2741	3410
2742	3411
2743	3406
2744	3402
2745	3413
2746	3412
2747	3414
2748	3419
2749	3403
2750	3405
2751	3404
2752	3401
2753	3398
2754	3418
2755	3417
2756	3400
2757	3415
2758	3422
2759	3421
2760	3420
2761	3416
2762	3369
2763	3423
2764	3424
2765	3425
2766	3368
2767	3426
2768	3427
2769	3428
2770	3429
2771	3329
2772	3344
2773	3328
2774	3345
2775	3347
2776	3348
2777	3348
2778	3351
2779	3350
2780	3365
2781	3366
2782	3372
2783	3371
2784	3371
2785	3399
2786	3370
2787	3367
2788	3364
2789	3362
2790	3363
2791	3374
2792	3373
2793	3379
2794	3346
2795	3352
2796	3355
2797	3354
2798	3353
2799	3356
2800	3357
2801	3359
2802	3358
2803	3361
2804	3360
2805	3376
2806	3375
2807	3378
2808	3377
2809	3440
2810	3442
2811	3441
2812	3443
2813	3436
2814	3437
2815	3438
2816	3439
2817	3450
2818	3451
2819	3452
2820	3453
2821	3454
2822	3455
2823	3457
2824	3458
2825	3459
2826	3461
2827	3463
2828	3464
2829	3462
2830	3465
2831	3466
2832	3460
2833	3467
2834	3468
2835	3469
2836	3471
2837	3472
2838	3473
2839	3477
2840	3474
2841	3478
2842	3476
2843	3475
2844	3434
2845	3435
2846	3444
2847	3445
2848	3447
2849	3446
2850	3448
2851	3449
2852	3485
2853	3484
2854	3483
2855	3482
2856	3481
2857	3479
2858	3480
2859	3496
2860	3495
2861	3494
2862	3492
2863	3493
2864	3486
2865	3491
2866	3490
2867	3487
2868	3488
2869	3489
2870	3523
2871	3524
2872	3525
2873	3531
